200
0 0 0
0 10 0
0 20 0
0 30 0
0 40 0
0 50 0
0 60 0
0 70 0
0 80 0
0 90 0
10 0 0
10 10 0
10 20 0
10 30 0
10 40 0
10 50 0
10 60 0
10 70 0
10 80 0
10 90 0
20 0 0
20 10 0
20 20 0
20 30 0
20 40 0
20 50 0
20 60 0
20 70 0
20 80 0
20 90 0
30 0 0
30 10 0
30 20 0
30 30 0
30 40 0
30 50 0
30 60 0
30 70 0
30 80 0
30 90 0
40 0 0
40 10 0
40 20 0
40 30 0
40 40 0
40 50 0
40 60 0
40 70 0
40 80 0
40 90 0
50 0 0
50 10 0
50 20 0
50 30 0
50 40 0
50 50 0
50 60 0
50 70 0
50 80 0
50 90 0
60 0 0
60 10 0
60 20 0
60 30 0
60 40 0
60 50 0
60 60 0
60 70 0
60 80 0
60 90 0
70 0 0
70 10 0
70 20 0
70 30 0
70 40 0
70 50 0
70 60 0
70 70 0
70 80 0
70 90 0
80 0 0
80 10 0
80 20 0
80 30 0
80 40 0
80 50 0
80 60 0
80 70 0
80 80 0
80 90 0
90 0 0
90 10 0
90 20 0
90 30 0
90 40 0
90 50 0
90 60 0
90 70 0
90 80 0
90 90 0
0 0 10
0 10 10
0 20 10
0 30 10
0 40 10
0 50 10
0 60 10
0 70 10
0 80 10
0 90 10
10 0 10
10 10 10
10 20 10
10 30 10
10 40 10
10 50 10
10 60 10
10 70 10
10 80 10
10 90 10
20 0 10
20 10 10
20 20 10
20 30 10
20 40 10
20 50 10
20 60 10
20 70 10
20 80 10
20 90 10
30 0 10
30 10 10
30 20 10
30 30 10
30 40 10
30 50 10
30 60 10
30 70 10
30 80 10
30 90 10
40 0 10
40 10 10
40 20 10
40 30 10
40 40 10
40 50 10
40 60 10
40 70 10
40 80 10
40 90 10
50 0 10
50 10 10
50 20 10
50 30 10
50 40 10
50 50 10
50 60 10
50 70 10
50 80 10
50 90 10
60 0 10
60 10 10
60 20 10
60 30 10
60 40 10
60 50 10
60 60 10
60 70 10
60 80 10
60 90 10
70 0 10
70 10 10
70 20 10
70 30 10
70 40 10
70 50 10
70 60 10
70 70 10
70 80 10
70 90 10
80 0 10
80 10 10
80 20 10
80 30 10
80 40 10
80 50 10
80 60 10
80 70 10
80 80 10
80 90 10
90 0 10
90 10 10
90 20 10
90 30 10
90 40 10
90 50 10
90 60 10
90 70 10
90 80 10
90 90 10
81
8
90 91 81 80
190 191 181 180
8
91 92 82 81
191 192 182 181
8
92 93 83 82
192 193 183 182
8
93 94 84 83
193 194 184 183
8
94 95 85 84
194 195 185 184
8
95 96 86 85
195 196 186 185
8
96 97 87 86
196 197 187 186
8
97 98 88 87
197 198 188 187
8
98 99 89 88
198 199 189 188

8
80 81 71 70
180 181 171 170
8
81 82 72 71
181 182 172 171
8
82 83 73 72
182 183 173 172
8
83 84 74 73
183 184 174 173
8
84 85 75 74
184 185 175 174
8
85 86 76 75
185 186 176 175
8
86 87 77 76
186 187 177 176
8
87 88 78 77
187 188 178 177
8
88 89 79 78
188 189 179 178
8
70 71 61 60
170 171 161 160
8
71 72 62 61
171 172 162 161
8
72 73 63 62
172 173 163 162
8
73 74 64 63
173 174 164 163
8
74 75 65 64
174 175 165 164
8
75 76 66 65
175 176 166 165
8
76 77 67 66
176 177 167 166
8
77 78 68 67
177 178 168 167
8
78 79 69 68
178 179 169 168

8
60 61 51 50
160 161 151 150
8
61 62 52 51
161 162 152 151
8
62 63 53 52
162 163 153 152
8
63 64 54 53
163 164 154 153
8
64 65 55 54
164 165 155 154
8
65 66 56 55
165 166 156 155
8
66 67 57 56
166 167 157 156
8
67 68 58 57
167 168 158 157
8
68 69 59 58
168 169 159 158

8
50 51 41 40
150 151 141 140
8
51 52 42 41
151 152 142 141
8
52 53 43 42
152 153 143 142
8
53 54 44 43
153 154 144 143
8
54 55 45 44
154 155 145 144
8
55 56 46 45
155 156 146 145
8
56 57 47 46
156 157 147 146
8
57 58 48 47
157 158 148 147
8
58 59 49 48
158 159 149 148

8
40 41 31 30
140 141 131 130
8
41 42 32 31
141 142 132 131
8
42 43 33 32
142 143 133 132
8
43 44 34 33
143 144 134 133
8
44 45 35 34
144 145 135 134
8
45 46 36 35
145 146 136 135
8
46 47 37 36
146 147 137 136
8
47 48 38 37
147 148 138 137
8
48 49 39 38
148 149 139 138

8
30 31 21 20
130 131 121 120
8
31 32 22 21
131 132 122 121
8
32 33 23 22
132 133 123 122
8
33 34 24 23
133 134 124 123
8
34 35 25 24
134 135 125 124
8
35 36 26 25
135 136 126 125
8
36 37 27 26
136 137 127 126
8
37 38 28 27
137 138 128 127
8
38 39 29 28
138 139 129 128

8
20 21 11 10
120 121 111 110
8
21 22 12 11
121 122 112 111
8
22 23 13 12
122 123 113 112
8
23 24 14 13
123 124 114 113
8
24 25 15 14
124 125 115 114
8
25 26 16 15
125 126 116 115
8
26 27 17 16
126 127 117 116
8
27 28 18 17
127 128 118 117
8
28 29 19 18
128 129 119 118

8
10 11 01 00
110 111 101 100
8
11 12 02 01
111 112 102 101
8
12 13 03 02
112 113 103 102
8
13 14 04 03
113 114 104 103
8
14 15 05 04
114 115 105 104
8
15 16 06 05
115 116 106 105
8
16 17 07 06
116 117 107 106
8
17 18 08 07
117 118 108 107
8
18 19 09 08
118 119 109 108
0.4